
Number:1
Name:PLC1
Plan:98
Flashing:99
SyncRef:01/01/1970 00:00:00
Scheduler:/ag.sch
Location:-34.629331,-58.42561
Server:172.16.1.109
Phases:,0,1,2,3
Phase1:0
Error Out:0
Sec:sec.sec
Svg:vctrl12.svg
Sts:4,1,4,1.240.5
Sts:1,4,1,4.245.5
